Genre	DetailType	ParticularType	Level		
1	25	1000	1		
1	25	1001	1		
1	25	1002	1		
1	25	1003	1		
1	25	1004	1		
1	25	1005	1		
1	25	1006	1		
1	25	1007	1		
1	25	1008	1		
1	25	1009	1		
1	25	1010	1		
1	25	1011	1		
1	25	1012	1		
1	25	1013	1		
1	25	1014	1		
1	25	1015	1		
1	25	1016	1		
1	25	1017	1		
1	25	1018	1		
1	25	1019	1		
1	25	1020	1		
1	25	1021	1		
1	25	1022	1		
1	25	1023	1		
1	25	1024	1		
1	25	1025	1		
1	25	1026	1		
1	25	1027	1		
1	25	1028	1		
1	25	1029	1		
1	25	1030	1		
1	25	1031	1		
1	25	1032	1		
1	25	1033	1		
1	25	1034	1		
1	25	1035	1		
1	25	1036	1		
1	25	1037	1		
1	25	1038	1		
1	25	1039	1		
1	25	1040	1		
1	25	1041	1		
1	25	1042	1		
1	25	1043	1		
1	25	1044	1		
1	25	1045	1		
1	25	1046	1		
1	25	1047	1		
1	25	1048	1		
1	25	1049	1		
1	25	1050	1		
1	25	1051	1		
1	25	1052	1		
1	25	1053	1		
1	25	1054	1		
1	25	1055	1		
1	25	1056	1		
1	25	1057	1		
1	25	1058	1		
1	25	1059	1		
1	25	1060	1		
1	25	1061	1		
1	25	1062	1		
1	25	1063	1		
1	25	1064	1		
1	25	1065	1		
1	25	1066	1		
1	25	1067	1		
1	25	1068	1		
1	25	1069	1		
1	25	1070	1		
1	25	1071	1		
1	25	1072	1		
1	25	1073	1		
1	25	1074	1		
1	25	1075	1		
1	25	1076	1		
1	25	1077	1		
1	25	1078	1		
1	25	1079	1		
1	25	1080	1		
1	25	1081	1		
1	25	1082	1		
1	25	1083	1		
1	25	1084	1		
1	25	1085	1		
1	25	1086	1		
1	25	1087	1		
1	25	1088	1		
1	25	1089	1		
1	25	1090	1		
1	25	1091	1		
1	25	1092	1		
1	25	1093	1		
1	25	1094	1		
1	25	1095	1		
1	25	1096	1		
1	25	1097	1		
1	25	1098	1		
1	25	1099	1		
1	25	1100	1		
1	25	1101	1		
1	25	1102	1		
1	25	1103	1		
1	25	1104	1		
1	25	1105	1		
1	25	1106	1		
1	25	1107	1		
1	25	1108	1		
1	25	1109	1		
1	25	1110	1		
1	25	1111	1		
1	25	1112	1		
1	25	1113	1		
1	25	1114	1		
1	25	1115	1		
1	25	1116	1		
1	25	1117	1		
1	25	1118	1		
1	25	1119	1		
1	25	1120	1		
1	25	1121	1		
1	25	1122	1		
1	25	1123	1		
1	25	1124	1		
1	25	1125	1		
1	25	1126	1		
1	25	1127	1		
1	25	1128	1		
1	25	1129	1		
1	25	1130	1		
1	25	1131	1		
1	25	1132	1		
1	25	1133	1		
1	25	1134	1		
1	25	1135	1		
1	25	1136	1		
1	25	1137	1		
1	25	1138	1		
1	25	1139	1		
1	25	1140	1		
1	25	1141	1		
1	25	1142	1		
1	25	1143	1		
1	25	1144	1		
1	25	1145	1		
1	25	1146	1		
1	25	1147	1		
1	25	1148	1		
1	25	1149	1		
1	25	1150	1		
1	25	1151	1		
1	25	1152	1		
1	25	1153	1		
1	25	1154	1		
1	25	1155	1		
1	25	1156	1		
1	25	1157	1		
1	25	1158	1		
1	25	1159	1		
1	25	1160	1		
1	25	1161	1		
1	25	1162	1		
1	25	1163	1		
1	25	1164	1		
1	25	1165	1		
1	25	1166	1		
1	25	1167	1		
1	25	1168	1		
1	25	1169	1		
1	25	1170	1		
1	25	1171	1		
1	25	1172	1		
1	25	1173	1		
1	25	1174	1		
1	25	1175	1		
1	25	1176	1		
1	25	1177	1		
1	25	1178	1		
1	25	1179	1		
1	25	1180	1		
1	25	1181	1		
1	25	1182	1		
1	25	1183	1		
1	25	1184	1		
1	25	1185	1		
1	25	1186	1		
1	25	1187	1		
1	25	1188	1		
1	25	1189	1		
1	25	1190	1		
1	25	1191	1		
1	25	1192	1		
1	25	1193	1		
1	25	1194	1		
1	25	1195	1		
1	25	1196	1		
1	25	1197	1		
1	25	1198	1		
1	25	1199	1		
1	25	1200	1		
1	25	1201	1		
1	25	1202	1		
1	25	1203	1		
1	25	1204	1		
1	25	1205	1		
1	25	1206	1		
1	25	1207	1		
1	25	1208	1		
1	25	1209	1		
1	25	1210	1		
1	25	1211	1		
1	25	1212	1		
1	25	1213	1		
1	25	1214	1		
1	25	1215	1		
1	25	1216	1		
1	25	1217	1		
1	25	1218	1		
1	25	1219	1		
1	25	1220	1		
1	25	1221	1		
1	25	1222	1		
1	25	1223	1		
1	25	1224	1		
1	25	1225	1		
1	25	1226	1		
1	25	1227	1		
1	25	1228	1		
1	25	1229	1		
1	25	1230	1		
1	25	1231	1		
1	25	1232	1		
1	25	1233	1		
1	25	1234	1		
1	25	1235	1		
1	25	1236	1		
1	25	1237	1		
1	25	1238	1		
1	25	1239	1		
1	25	1240	1		
1	25	1241	1		
1	25	1242	1		
1	25	1243	1		
1	25	1244	1		
1	25	1245	1		
1	25	1246	1		
1	25	1247	1		
1	25	1248	1		
1	25	1249	1		
1	25	1250	1		
1	25	1251	1		
1	25	1252	1		
1	25	1253	1		
1	25	1254	1		
1	25	1255	1		
1	25	1256	1		
1	25	1257	1		
1	25	1258	1		
1	25	1259	1		
1	25	1260	1		
1	25	1261	1		
1	25	1262	1		
1	25	1263	1		
1	25	1264	1		
1	25	1265	1		
1	25	1266	1		
1	25	1267	1		
1	25	1268	1		
1	25	1269	1		
1	25	1270	1		
1	25	1271	1		
1	25	1272	1		
1	25	1273	1		
1	25	1274	1		
1	25	1275	1		
1	25	1276	1		
1	25	1277	1		
1	25	1278	1		
1	25	1279	1		
1	25	1280	1		
1	25	1281	1		
1	25	1282	1		
1	25	1283	1		
1	25	1284	1		
1	25	1285	1		
1	25	1286	1		
1	25	1287	1		
1	25	1288	1		
1	25	1289	1		
1	25	1290	1		
1	25	1291	1		
1	25	1292	1		
1	25	1293	1		
1	25	1294	1		
1	25	1295	1		
1	25	1296	1		
1	25	1297	1		
1	25	1298	1		
1	25	1299	1		
1	25	1300	1		
1	25	1301	1		
1	25	1302	1		
1	25	1303	1		
1	25	1304	1		
1	25	1305	1		
1	25	1306	1		
1	25	1307	1		
1	25	1308	1		
1	25	1309	1		
1	25	1310	1		
1	25	1311	1		
1	25	1312	1		
1	25	1313	1		
1	25	1314	1		
1	25	1315	1		
1	25	1316	1		
1	25	1317	1		
1	25	1318	1		
1	25	1319	1		
1	25	1320	1		
1	25	1321	1		
1	25	1322	1		
1	25	1323	1		
1	25	1324	1		
1	25	1325	1		
1	25	1326	1		
1	25	1327	1		
1	25	1328	1		
1	25	1329	1		
1	25	1330	1		
1	25	1331	1		
1	25	1332	1		
1	25	1333	1		
1	25	1334	1		
1	25	1335	1		
1	25	1336	1		
1	25	1337	1		
1	25	1338	1		
1	25	1339	1		
1	25	1340	1		
1	25	1341	1		
1	25	1342	1		
1	25	1343	1		
1	25	1344	1		
1	25	1345	1		
1	25	1346	1		
1	25	1347	1		
1	25	1348	1		
1	25	1349	1		
1	25	1350	1		
1	25	1351	1		
1	25	1352	1		
1	25	1353	1		
1	25	1354	1		
1	25	1355	1		
1	25	1356	1		
1	25	1357	1		
1	25	1358	1		
1	25	1359	1		
1	25	1360	1		
1	25	1361	1		
1	25	1362	1		
1	25	1363	1		
1	25	1364	1		
1	25	1365	1		
1	25	1366	1		
1	25	1367	1		
1	25	1368	1		
1	25	1369	1		
1	25	1370	1		
1	25	1371	1		
1	25	1372	1		
1	25	1373	1		
1	25	1374	1		
1	25	1375	1		
1	25	1376	1		
1	25	1377	1		
1	25	1378	1		
1	25	1379	1		
1	25	1380	1		
1	25	1381	1		
1	25	1382	1		
1	25	1383	1		
1	25	1384	1		
1	25	1385	1		
1	25	1386	1		
1	25	1387	1		
1	25	1388	1		
1	25	1389	1		
1	25	1390	1		
1	25	1391	1		
1	25	1392	1		
1	25	1393	1		
1	25	1394	1		
1	25	1395	1		
1	25	1396	1		
1	25	1397	1		
1	25	1398	1		
1	25	1399	1		
1	25	1400	1		
1	25	1401	1		
1	25	1402	1		
1	25	1403	1		
1	25	1404	1		
1	25	1405	1		
1	25	1406	1		
1	25	1407	1		
1	25	1408	1		
1	25	1409	1		
1	25	1410	1		
1	25	1411	1		
1	25	1412	1		
1	25	1413	1		
1	25	1414	1		
1	25	1415	1		
1	25	1416	1		
1	25	1417	1		
1	25	1418	1		
1	25	1419	1		
1	25	1420	1		
1	25	1421	1		
1	25	1422	1		
1	25	1423	1		
1	25	1424	1		
1	25	1425	1		
1	25	1426	1		
1	25	1427	1		
1	25	1428	1		
1	25	1429	1		
1	25	1430	1		
1	25	1431	1		
1	25	1432	1		
1	25	1433	1		
1	25	1434	1		
1	25	1435	1		
1	25	1436	1		
1	25	1437	1		
1	25	1438	1		
1	25	1439	1		
1	25	1440	1		
1	25	1441	1		
1	25	1442	1		
1	25	1443	1		
1	25	1444	1		
1	25	1445	1		
1	25	1446	1		
1	25	1447	1		
1	25	1448	1		
1	25	1449	1		
1	25	1450	1		
1	25	1451	1		
1	25	1452	1		
1	25	1453	1		
1	25	1454	1		
1	25	1455	1		
1	25	1456	1		
1	25	1457	1		
1	25	1458	1		
1	25	1459	1		
1	25	1460	1		
1	25	1461	1		
1	25	1462	1		
1	25	1463	1		
1	25	1464	1		
1	25	1465	1		
1	25	1466	1		
1	25	1467	1		
1	25	1468	1		
1	25	1469	1		
1	25	1470	1		
1	25	1471	1		
1	25	1472	1		
1	25	1473	1		
1	25	1474	1		
1	25	1475	1		
1	25	1476	1		
1	25	1477	1		
1	25	1478	1		
1	25	1479	1		
1	25	1480	1		
1	25	1481	1		
1	25	1482	1		
1	25	1483	1		
1	25	1484	1		
1	25	1485	1		
1	25	1486	1		
1	25	1487	1		
1	25	1488	1		
1	25	1489	1		
1	25	1490	1		
1	25	1491	1		
1	25	1492	1		
1	25	1493	1		
1	25	1494	1		
1	25	1495	1		
1	25	1496	1		
1	25	1497	1		
1	25	1498	1		
1	25	1499	1		
1	25	1500	1		
1	25	1501	1		
1	25	1502	1		
1	25	1503	1		
1	25	1504	1		
1	25	1505	1		
1	25	1506	1		
1	25	1507	1		
1	25	1508	1		
1	25	1509	1		
1	25	1510	1		
1	25	1511	1		
1	25	1512	1		
1	25	1513	1		
1	25	1514	1		
1	25	1515	1		
1	25	1516	1		
1	25	1517	1		
1	25	1518	1		
1	25	1519	1		
1	25	1520	1		
1	25	1521	1		
1	25	1522	1		
1	25	1523	1		
1	25	1524	1		
1	25	1525	1		
1	25	1526	1		
1	25	1527	1		
1	25	1528	1		
1	25	1529	1		
1	25	1530	1		
1	25	1531	1		
1	25	1532	1		
1	25	1533	1		
1	25	1534	1		
1	25	1535	1		
1	25	1536	1		
1	25	1537	1		
1	25	1538	1		
1	25	1539	1		
1	25	1540	1		
1	25	1541	1		
1	25	1542	1		
1	25	1543	1		
1	25	1544	1		
1	25	1545	1		
1	25	1546	1		
1	25	1547	1		
1	25	1548	1		
1	25	1549	1		
1	25	1550	1		
1	25	1551	1		
1	25	1552	1		
1	25	1553	1		
1	25	1554	1		
1	25	1555	1		
1	25	1556	1		
1	25	1557	1		
1	25	1558	1		
1	25	1559	1		
1	25	1560	1		
1	25	1561	1		
1	25	1562	1		
1	25	1563	1		
1	25	1564	1		
1	25	1565	1		
1	25	1566	1		
1	25	1567	1		
1	25	1568	1		
1	25	1569	1		
1	25	1570	1		
1	25	1571	1		
1	25	1572	1		
1	25	1573	1		
1	25	1574	1		
1	25	1575	1		
1	25	1576	1		
1	25	1577	1		
1	25	1578	1		
1	25	1579	1		
1	25	1580	1		
1	25	1581	1		
1	25	1582	1		
1	25	1583	1		
1	25	1584	1		
1	25	1585	1		
1	25	1586	1		
1	25	1587	1		
1	25	1588	1		
1	25	1589	1		
1	25	1590	1		
1	25	1591	1		
1	25	1592	1		
1	25	1593	1		
1	25	1594	1		
1	25	1595	1		
1	25	1596	1		
1	25	1597	1		
1	25	1598	1		
1	25	1599	1		
1	25	1600	1		
1	25	1601	1		
1	25	1602	1		
1	25	1603	1		
1	25	1604	1		
1	25	1605	1		
1	25	1606	1		
1	25	1607	1		
1	25	1608	1		
1	25	1609	1		
1	25	1610	1		
1	25	1611	1		
1	25	1612	1		
1	25	1613	1		
1	25	1614	1		
1	25	1615	1		
1	25	1616	1		
1	25	1617	1		
1	25	1618	1		
1	25	1619	1		
1	25	1620	1		
1	25	1621	1		
1	25	1622	1		
1	25	1623	1		
1	25	1624	1		
1	25	1625	1		
1	25	1626	1		
1	25	1627	1		
1	25	1628	1		
1	25	1629	1		
1	25	1630	1		
1	25	1631	1		
1	25	1632	1		
1	25	1633	1		
1	25	1634	1		
1	25	1635	1		
1	25	1636	1		
1	25	1637	1		
1	25	1638	1		
1	25	1639	1		
1	25	1640	1		
1	25	1641	1		
1	25	1642	1		
1	25	1643	1		
1	25	1644	1		
1	25	1645	1		
1	25	1646	1		
1	25	1647	1		
1	25	1648	1		
1	25	1649	1		
1	25	1650	1		
1	25	1651	1		
1	25	1652	1		
1	25	1653	1		
1	25	1654	1		
1	25	1655	1		
1	25	1656	1		
1	25	1657	1		
1	25	1658	1		
1	25	1659	1		
1	25	1660	1		
1	25	1661	1		
1	25	1662	1		
1	25	1663	1		
1	25	1664	1		
1	25	1665	1		
1	25	1666	1		
1	25	1667	1		
1	25	1668	1		
1	25	1669	1		
1	25	1670	1		
1	25	1671	1		
1	25	1672	1		
1	25	1673	1		
1	25	1674	1		
1	25	1675	1		
1	25	1676	1		
1	25	1677	1		
1	25	1678	1		
1	25	1679	1		
1	25	1680	1		
1	25	1681	1		
1	25	1682	1		
1	25	1683	1		
1	25	1684	1		
1	25	1685	1		
1	25	1686	1		
1	25	1687	1		
1	25	1688	1		
1	25	1689	1		
1	25	1690	1		
1	25	1691	1		
1	25	1692	1		
1	25	1693	1		
1	25	1694	1		
1	25	1695	1		
1	25	1696	1		
1	25	1697	1		
1	25	1698	1		
1	25	1699	1		
1	25	1700	1		
1	25	1701	1		
1	25	1702	1		
1	25	1703	1		
1	25	1704	1		
1	25	1705	1		
1	25	1706	1		
1	25	1707	1		
1	25	1708	1		
1	25	1709	1		
1	25	1710	1		
1	25	1711	1		
1	25	1712	1		
1	25	1713	1		
1	25	1714	1		
1	25	1715	1		
1	25	1716	1		
1	25	1717	1		
1	25	1718	1		
1	25	1719	1		
1	25	1720	1		
1	25	1721	1		
1	25	1722	1		
1	25	1723	1		
1	25	1724	1		
1	25	1725	1		
1	25	1726	1		
1	25	1727	1		
1	25	1728	1		
1	25	1729	1		
1	25	1730	1		
1	25	1731	1		
1	25	1732	1		
1	25	1733	1		
1	25	1734	1		
1	25	1735	1		
1	25	1736	1		
1	25	1737	1		
1	25	1738	1		
1	25	1739	1		
1	25	1740	1		
1	25	1741	1		
1	25	1742	1		
1	25	1743	1		
1	25	1744	1		
1	25	1745	1		
1	25	1746	1		
1	25	1747	1		
1	25	1748	1		
1	25	1749	1		
1	25	1750	1		
1	25	1751	1		
1	25	1752	1		
1	25	1753	1		
1	25	1754	1		
1	25	1755	1		
1	25	1756	1		
1	25	1757	1		
1	25	1758	1		
1	25	1759	1		
1	25	1760	1		
1	25	1761	1		
1	25	1762	1		
1	25	1763	1		
1	25	1764	1		
1	25	1765	1		
1	25	1766	1		
1	25	1767	1		
1	25	1768	1		
1	25	1769	1		
1	25	1770	1		
1	25	1771	1		
1	25	1772	1		
1	25	1773	1		
1	25	1774	1		
1	25	1775	1		
1	25	1776	1		
1	25	1777	1		
1	25	1778	1		
1	25	1779	1		
1	25	1780	1		
1	25	1781	1		
1	25	1782	1		
1	25	1783	1		
1	25	1784	1		
1	25	1785	1		
1	25	1786	1		
1	25	1787	1		
1	25	1788	1		
1	25	1789	1		
1	25	1790	1		
1	25	1791	1		
1	25	1792	1		
1	25	1793	1		
1	25	1794	1		
1	25	1795	1		
1	25	1796	1		
1	25	1797	1		
1	25	1798	1		
1	25	1799	1		
1	25	1800	1		
1	25	1801	1		
1	25	1802	1		
1	25	1803	1		
1	25	1804	1		
1	25	1805	1		
1	25	1806	1		
1	25	1807	1		
1	25	1808	1		
1	25	1809	1		
1	25	1810	1		
1	25	1811	1		
1	25	1812	1		
1	25	1813	1		
1	25	1814	1		
1	25	1815	1		
1	25	1816	1		
1	25	1817	1		
1	25	1818	1		
1	25	1819	1		
1	25	1820	1		
1	25	1821	1		
1	25	1822	1		
1	25	1823	1		
1	25	1824	1		
1	25	1825	1		
1	25	1826	1		
1	25	1827	1		
1	25	1828	1		
1	25	1829	1		
1	25	1830	1		
1	25	1831	1		
1	25	1832	1		
1	25	1833	1		
1	25	1834	1		
1	25	1835	1		
1	25	1836	1		
1	25	1837	1		
1	25	1838	1		
1	25	1839	1		
1	25	1840	1		
1	25	1841	1		
1	25	1842	1		
1	25	1843	1		
1	25	1844	1		
1	25	1845	1		
1	25	1846	1		
1	25	1847	1		
1	25	1848	1		
1	25	1849	1		
1	25	1850	1		
1	25	1851	1		
1	25	1852	1		
1	25	1853	1		
1	25	1854	1		
1	25	1855	1		
1	25	1856	1		
1	25	1857	1		
1	25	1858	1		
1	25	1859	1		
1	25	1860	1		
1	25	1861	1		
1	25	1862	1		
1	25	1863	1		
1	25	1864	1		
